 0.167511422515009 -0.00381331940677744 0.985862760186275
 0.0191603654829314 0.0300428134645603 0.99936495323465
 -0.0863921937731507 0.0611996241827777 0.994379703561446
 0.0582858760168279 0.0232278816796467 0.998029669984629
 0.0653867092517583 0.081723163059803 0.994507869688685
 0.0585641011548965 0.0662961500863479 0.996079849479773
 0.0214540421446174 0.0200849818361078 0.999568065506447
 0.0399092928036847 0.0312656888186593 0.998714025660301
 0.1578519218095 0.121465061220323 0.979963779781575
 -0.0707819821360331 0.0437252325982212 0.996532997466278
 -0.244137321724762 -0.206573118650929 0.947483253040332
 -0.0116848927057818 -0.101099540105004 0.994807693111091
 0.186403595223269 0.204540341243766 0.96094586137395
 0.091258265749817 0.141473724808529 0.985726693420208
 -0.018365919144311 0.0306554303100257 0.999361264811926
 -0.0127903709991408 0.0123356034219898 0.999842107183889
 0.00120836113684565 0.0101603007160503 0.999947652706242
 -0.0442609452364405 -0.0193673748250885 0.998832254945324
 -0.024908236107083 -0.0191431314020393 0.999506438345526
 -0.132484446347569 -0.0825466082061916 0.987741833147524
 -0.415925222779382 -0.299574673659788 0.858639169824877
 -0.340068373930582 -0.346638373270538 0.874182669256583
 -0.304870827629812 -0.0594520593811411 0.95053628604891
 -0.0301676632234893 -0.0129820519187977 0.999460543705259
 -0.121902915192785 -0.051038513133443 0.991228908701027
