 -0.323903722237189 0.282146470069239 0.903039173097359
 -0.199175692520544 0.0780819374643291 0.976848122560912
 -0.199662822372836 0.113772765654197 0.973237132027703
 -0.00468230191229667 -0.026931259450739 0.999626321838916
 0.041051768610873 0.0363336866880218 0.998496177010997
 0.0798293402541308 0.0939505394844933 0.992371186887831
 0.0994995840876317 0.105869869610713 0.989389409421285
 0.122554747478787 0.0738316939372595 0.989711682683783
 0.186002511239503 0.11598702742203 0.975679289153152
 0.311364031626994 0.287986519877197 0.905602674564295
 0.0386478952483429 0.0903826747980879 0.995156928473704
 -0.0817776576939425 -0.081389172998724 0.993321809496135
 -0.0222697867989127 -0.0344267664060832 0.999159073596768
 0.017764581224164 0.0570021784243036 0.998215994316267
 0.0652262320232996 0.069429088204238 0.995452229073385
 0.163093391530789 0.126684597107387 0.978443436533111
 0.0338385684980887 0.0795318355663005 0.996257817240826
 -0.0477029308613558 0.00656247541171349 0.998840009362714
 -0.0499136284152872 -0.0120976751439462 0.998680267129842
 -0.13571234112914 -0.10398783804416 0.985275946120755
 -0.787521315684402 -0.193391029728179 0.585158172602403
 -0.669751357969358 -0.43442048726619 0.60225572537055
 0.0495883773310792 0.209837358434032 0.976477995573427
 0.0147533446558891 0.00931356452249862 0.999847786584213
 0.0127550133992995 0.00516160300235201 0.999905329262541
