 0.0895957207064923 -0.0148944988696753 0.995866838856735
 0.104522729711099 0.0369423364359091 0.993836134758843
 0.018381862910865 0.0893013549090705 0.995835014009515
 0.0240856305358174 -0.0303045970887925 0.99925047600538
 0.0376783044239 -0.0180854758481181 0.999126248748919
 0.0993537154810636 0.0840947869698512 0.99149226221116
 -0.0397315281167582 0.0759494315400468 0.996319772724727
 -0.0223429975422049 -0.0253970058437621 0.99942772752961
 -0.00157767039671195 0.0449311705129631 0.998988839213159
 -0.165967983582378 -0.249569870648393 0.954028043660219
 -0.0538581783923259 0.00275949604231165 0.998544782071316
 0.209963466143749 0.0624123324253919 0.975715144725204
 0.281991820376759 0.406131264304248 0.869216894333764
 0.0222670161165699 0.0901128639068075 0.995682605930111
 -0.0102867053112766 -0.0365518954518016 0.99927881125976
 0.238780229570682 0.141107071003968 0.960766775278399
 0.0137102776856479 0.0391562494592118 0.99913903757889
 -0.00228808993916394 0.0872453528782625 0.99618422645893
 -0.104642401385315 -0.0345360617209389 0.993910070516001
 -0.141199013172935 -0.142841052233201 0.979622004895715
 -0.681812178850574 -0.144117588537619 0.717190541937869
 -0.463519238968111 -0.33392262471293 0.820759158225634
 0.0218813356251505 -0.0180954530389505 0.999596799579998
 0.115575037245931 0.0175143867680454 0.993144328394288
 0.0174501496514597 0.0157281909652289 0.999724020060588
