 -0.200712186515449 0.104391709661825 0.97407237366536
 -0.157756301701238 0.047376222749433 0.986340936386371
 -0.152747232935995 0.0869846090305898 0.984429764189499
 -0.0142379392364262 0.0557165972673695 0.998345101593255
 0.0255114176269559 0.0926038600261982 0.995376156374519
 0.053210960038474 0.0775427489419851 0.995568036760072
 0.117308525245555 0.14279160339032 0.982776306137839
 0.0222875449681888 0.120774379612724 0.992429752964134
 -0.241284918765241 -0.129589570910165 0.961763032710122
 -0.136588227038631 -0.00121357933364115 0.99062716672805
 -0.287085685828433 -0.243131973593518 0.92653583439009
 -0.116188190841041 -0.10246011306727 0.987928251210243
 0.0957198246445656 0.242449644978934 0.965430414281424
 0.281809785637705 0.54521961334151 0.789505426166638
 0.0350672786541816 0.241014873597154 0.969887682503875
 -0.111461202619926 -0.055891417978725 0.992195822258312
 0.268286612373967 0.196574499666309 0.943069859396345
 0.0728826208401308 0.0159484543966854 0.997213001510625
 -0.0620286754247898 -0.0485628874923767 0.996892215529567
 -0.307915789611133 -0.179033392352217 0.934416882837104
 -0.760186414740944 -0.284021010311575 0.584336102380215
 -0.193543030452382 -0.174744493561809 0.965404297345488
 0.460767016267245 0.418083187015465 0.782879432259638
 0.105137105784895 0.202402168122705 0.973642414506683
 0.00675634973036629 0.0764350104899118 0.997051674142182
