 -0.442513157130252 0.511547329018969 0.736546967911874
 -0.384524533500294 0.486539119054784 0.78448745609205
 0.0382354890548805 -0.184407446717876 0.982105870551504
 -0.476006894563366 0.672618797433413 0.566569845356572
 -0.667649947318977 0.553816987336707 0.497524162611486
 -0.830043292716486 0.420293453948355 0.366580884368697
 -0.800541566117546 0.495762879088727 0.33667843506189
 -0.641501973425494 0.588289001501052 0.492332477909077
 -0.51582019561556 0.71740507927728 0.468251511500267
 -0.452298689548113 0.618349531251768 0.642705027702272
 -0.202428398407702 0.813295313470805 0.545502957466335
 -0.0998947308944267 0.65506462253549 0.748940173206089
 -0.578205696180739 0.635000590092498 0.51230110627084
 -0.724502635759818 0.565215433846081 0.39449644373462
 -0.647441168795103 0.58608817362615 0.487155607259934
 -0.25192859692702 0.748800697366693 0.613049343587885
 0.221476172203568 0.92505167661756 0.308589858441747
 -0.103038343622145 0.8095093635165 0.577994541602874
 0.144002551918936 0.739251169587203 0.657853306828191
 -0.559396390876453 0.648737683246019 0.515960363023156
 -0.7057723289664 0.575729670310141 0.41282050141668
 -0.420536356390385 0.71287633049655 0.561209863038483
 -0.987911517946669 0.105701746106319 0.113393004979951
 -0.995300380057812 0.081403118493916 0.0524469804301423
 -0.951765063843754 0.259678106386745 0.163433608263078
