 -0.055348390738142 -0.19795959842009 0.978646285966515
 0.177726444785857 -0.106035470676794 0.978350545449907
 0.232997465549455 -0.0482963043726175 0.971277328074468
 -0.144755182383533 0.0302831383794795 0.989003978102717
 -0.151861940753072 -0.135908941976721 0.979013130883074
 -0.156959958250246 -0.169394313326452 0.97296923801256
 -0.187377603843436 -0.203420668026446 0.960994102686154
 -0.264459949588005 -0.310075767025324 0.913188892709262
 -0.244718538634138 -0.349511018708706 0.90440858280424
 0.110030207764561 0.0587615851165244 0.992189714466886
 0.128700447681551 0.12176419376771 0.984179696946989
 0.00905334917414895 0.0282916075502175 0.999558713538607
 -0.119754653545801 -0.140299595974295 0.98284019368541
 -0.0814325697532102 -0.412402961264622 0.907354690362903
 -0.0454044992731426 -0.11296569635373 0.992560921502087
 -0.0539473457387309 -0.0955480203985006 0.993961900520173
 0.100921772029067 -0.0125289111135281 0.994815471490478
 0.125948028436604 0.00387948727996559 0.992029255471519
 0.189099473772929 0.0763644891298188 0.978984092730185
 0.193294927367229 0.0958311565256508 0.976449415224902
 0.270314228408423 0.162730995112411 0.948919828620776
 0.399422117692702 0.318765546741038 0.859564132632792
 0.235858086603599 -0.0681564728374879 0.969394480175146
 0.0352463501024996 0.0525197031952702 0.997997683153991
 0.0585138576657004 0.0446759992140485 0.997286409992287
